[1] "# Team: CYTAA"
[1] "# Date: 10/07/2022"
[1] "**********************************************************************"
[1] "**********************************************************************"
[1] "RMSE of the full model UB 1.8170008288161"
[1] "**********************************************************************"
[1] "**********************************************************************"
[1] "histogram of RMSE"
   N.UBCF
1      15
2      11
3      14
4      14
5      14
6      17
7       4
8       9
9       4
10      1
11      5
12      3
13      2
14      4
15      3
16      1
17      0
18      2
19      1
20      1
21      0
22      0
23      1
24      0
25      1
26      0
27      0
28      0
